ID_sampling_plot	ID_study_plot	Forest_type	Sampling_year	Siteur	Physib	Phycol	Phytro	Erirub	Spispi	Drymar	Coccoc	Turvis	Turphi	Colpal	Pyrpyr	Turmer	Regreg	Regign	Corcor	Loxcur	Sylatr	Fricoe	Prumod	Phopho	Gargla	Denmaj	Trotro	Parmaj	Cyacae	Perate	Cerfam	Stuvul	Ficpar	Anttri	Sylbor	Embcit	Poepal	Lopcri	Cerbra	Coloen	Ficalb	Musstr	Nuccar	Denleu	Total_num_of_species	Specialist_species	Generalist_species	Elevation	Broadl_cover	Conifer_cover	Young_cover	AgeWMean	Age_SD	H_Trees	ClearCutDist	NumLT70DBH	NumBroadlLT70DBH	NumBroadlLT70DBH_ha	DensityNumBroadlLT70DBH_ha
10C	ID10	Production_forest	2020	0	0	0	0	1	0	0	0	0	1	0	0	1	1	0	1	0	1	3	0	0	0	0	0	0	0	1	1	0	0	0	0	0	0	0	0	0	0	0	0	0	9	3	8	720	0.1	99.8	0.0	75.6	11.9	0.2	107.5	1	1	B 0<>1	0.3
10D	ID10	Production_forest	2020	0	0	0	0	1	0	0	0	0	0	0	0	0	1	2	0	0	1	1	0	0	0	0	0	0	0	0	0	0	0	0	0	0	0	0	0	0	0	0	0	0	5	3	3	686	4.7	93.5	0.0	56.7	20.0	0.2	81.0	4	1	B 0<>1	0.3
10M	ID10	Production_forest	2020	0	0	0	0	1	0	0	0	0	0	0	0	1	1	0	0	0	0	2	0	0	0	0	1	0	0	1	1	0	0	0	0	0	0	0	0	0	0	0	0	0	7	3	5	725	0.0	99.9	0.0	67.2	4.2	0.4	199.8	0	0	A=0	0.0
10M2	ID10	Production_forest	2020	0	0	0	0	2	0	0	0	0	0	0	0	1	1	1	0	0	0	2	0	0	0	0	1	0	0	1	0	0	0	0	0	0	0	0	0	0	0	0	0	0	7	3	6	690	0.0	99.9	0.0	52.1	15.2	0.0	141.0	0	0	A=0	0.0
10S1	ID10	Production_forest	2020	0	0	0	0	1	0	0	0	0	0	0	0	0	1	2	0	0	0	3	0	0	0	0	0	0	0	2	0	0	0	0	0	0	0	0	0	0	0	0	0	0	5	5	4	723	0.0	90.6	9.2	70.6	30.2	0.3	130.7	1	0	A=0	0.0
10S2	ID10	Production_forest	2020	0	0	0	0	2	0	0	0	0	2	0	1	1	1	1	0	0	0	1	0	0	1	0	1	0	0	1	1	0	0	0	0	0	0	0	0	0	0	0	0	0	11	5	8	675	2.8	91.7	0.0	66.5	40.3	0.3	74.6	2	0	A=0	0.0
10S3	ID10	Production_forest	2020	0	0	0	0	0	0	0	0	0	1	1	2	1	2	1	0	1	1	1	0	0	0	0	0	1	0	1	1	0	0	0	0	0	0	0	0	0	0	0	0	0	12	8	6	655	5.2	79.7	0.0	75.0	32.6	0.2	28.0	1	0	A=0	0.0
10S4	ID10	Production_forest	2020	1	0	1	0	1	0	0	0	0	0	0	0	1	1	1	0	2	1	2	1	0	0	0	1	0	0	1	1	0	0	0	0	0	0	0	0	0	0	0	0	0	13	6	9	759	35.9	49.7	11.1	118.4	36.4	0.5	56.6	48	3	B 0<>1	1.0
10Z	ID10	Production_forest	2020	0	0	0	0	1	0	0	0	0	0	0	0	1	0	1	0	0	0	3	0	0	0	0	1	0	0	2	1	0	0	0	0	0	0	0	0	0	0	0	0	0	7	4	6	692	33.8	66.1	0.0	62.0	0.0	0.8	256.1	0	0	A=0	0.0
11A	ID11	Production_forest	2020	0	0	0	0	2	0	0	0	1	1	0	0	1	1	1	0	0	1	2	0	0	0	0	1	1	0	1	1	0	0	0	0	0	0	0	0	0	0	0	0	0	12	5	9	598	15.0	84.9	0.0	85.0	3.5	0.7	112.5	28	26	D3<>9	8.3
11B	ID11	Production_forest	2020	1	0	1	0	3	0	0	0	0	0	1	0	0	1	1	0	0	1	2	0	0	0	1	1	2	0	2	1	0	0	0	0	0	0	0	0	1	0	0	0	0	14	6	13	584	45.1	53.8	0.0	76.0	24.3	0.6	153.3	21	21	D3<>9	6.7
11C	ID11	Production_forest	2020	1	0	1	0	2	0	0	0	0	0	0	0	1	0	1	0	0	1	1	0	0	0	1	0	2	0	1	1	0	0	0	0	0	0	0	0	0	0	0	0	0	11	3	10	562	34.5	65.4	0.0	50.9	37.2	1.0	147.8	7	5	C1<>3	1.6
11D	ID11	Production_forest	2020	1	0	0	0	1	1	0	0	0	0	0	0	1	1	1	0	5	0	3	0	0	0	0	1	0	0	3	2	0	0	0	0	0	0	0	0	0	0	0	0	0	12	13	7	593	0.3	92.5	3.3	83.2	39.8	0.4	78.2	2	1	B 0<>1	0.3
11M	ID11	Production_forest	2020	1	0	1	0	1	0	0	0	0	1	0	0	0	0	2	0	0	0	1	1	0	0	1	2	0	0	1	1	0	0	0	0	0	0	0	0	0	0	0	0	0	11	4	9	585	0.5	95.3	0.0	87.0	0.0	0.2	37.4	1	0	A=0	0.0
11M1	ID11	Production_forest	2020	0	0	0	0	2	3	0	0	0	0	0	0	0	1	0	0	0	1	1	1	0	0	0	0	0	0	2	1	0	0	0	0	0	0	0	0	0	0	0	0	0	8	7	5	591	0.5	98.2	0.0	79.8	37.0	0.3	139.9	1	0	A=0	0.0
11S2	ID11	Production_forest	2020	0	0	0	0	2	0	0	0	0	1	0	0	0	0	1	0	0	1	2	0	0	0	0	1	0	0	2	0	0	0	0	0	0	0	0	0	0	0	0	0	0	7	3	7	545	36.2	63.7	0.0	55.9	12.7	0.9	288.0	1	1	B 0<>1	0.3
11S4	ID11	Production_forest	2020	1	1	1	0	2	0	0	0	0	0	2	0	1	1	1	0	0	1	1	0	0	0	1	1	2	0	1	1	0	0	0	0	0	0	0	0	1	0	0	0	0	16	6	13	539	54.0	44.8	0.0	92.4	37.8	0.8	116.6	28	23	D3<>9	7.3
11S5	ID11	Production_forest	2020	0	0	0	0	2	0	0	0	0	1	0	0	0	1	0	0	0	1	3	0	0	0	1	1	2	0	2	0	0	0	0	0	0	0	0	0	0	0	0	0	0	9	3	11	575	14.2	85.7	0.0	37.4	29.2	0.6	79.4	0	0	A=0	0.0
11Z	ID11	Production_forest	2020	0	0	1	0	2	0	0	0	0	0	0	0	0	1	1	0	0	1	1	0	0	0	0	1	0	0	1	0	0	0	0	0	0	0	0	0	0	0	0	0	0	8	3	6	575	8.6	89.8	0.0	28.3	32.9	0.6	52.9	3	0	A=0	0.0
12B	ID12	Production_forest	2020	0	0	2	0	1	0	0	0	1	0	0	0	1	0	1	0	0	0	2	0	0	0	1	1	0	0	2	1	0	0	0	0	0	0	0	0	0	0	0	0	0	10	5	8	464	8.6	90.3	0.0	64.8	18.1	0.4	107.9	7	6	C1<>3	1.9
12C	ID12	Production_forest	2020	0	0	0	0	1	0	0	1	0	0	0	0	1	1	0	0	0	0	2	0	0	0	1	1	1	0	1	1	0	0	0	0	0	0	0	0	0	0	0	0	0	10	3	8	447	10.4	73.3	0.0	81.0	16.7	0.5	56.4	0	0	A=0	0.0
12D	ID12	Production_forest	2020	0	0	0	0	2	0	0	0	0	0	1	0	0	0	2	0	0	0	2	0	0	0	0	1	1	0	2	1	0	0	0	0	0	0	0	0	0	0	0	0	0	8	5	7	449	9.7	90.2	0.0	67.6	12.7	0.5	183.3	1	1	B 0<>1	0.3
12M	ID12	Production_forest	2020	0	0	1	0	1	0	0	0	0	0	0	0	0	1	0	0	0	0	1	0	0	0	1	0	1	0	1	0	0	0	0	0	0	0	0	0	0	0	0	0	0	7	2	5	471	0.0	99.2	0.0	68.1	17.7	0.1	131.8	0	0	A=0	0.0
12M1	ID12	Production_forest	2020	0	0	0	1	1	2	0	0	0	0	0	0	1	0	1	0	1	0	1	0	0	0	0	1	0	0	1	1	0	0	0	0	0	0	0	0	0	0	0	0	0	10	6	5	473	0.0	88.3	0.0	76.3	25.8	0.0	40.7	0	0	A=0	0.0
12S1	ID12	Production_forest	2020	1	0	1	0	2	0	0	0	0	0	0	0	1	1	1	0	0	1	1	0	0	0	1	0	1	0	0	1	0	0	0	0	0	0	0	0	0	0	0	0	0	11	3	9	464	32.2	62.1	0.0	76.0	8.5	0.4	56.3	24	11	D3<>9	3.5
12S2	ID12	Production_forest	2020	1	0	0	0	0	0	0	1	1	0	0	1	1	0	1	0	0	1	2	0	0	0	2	1	1	0	1	0	0	0	0	0	0	0	0	0	0	0	0	0	0	12	4	10	451	40.5	57.0	0.0	74.0	17.2	0.7	99.9	6	3	B 0<>1	1.0
12S4	ID12	Production_forest	2020	1	0	0	0	2	0	0	0	0	0	0	1	0	0	1	0	0	1	2	0	0	0	1	1	0	0	3	0	0	0	0	0	0	0	0	0	0	0	0	0	0	9	5	8	458	6.9	90.0	0.8	73.1	19.9	0.2	83.3	6	0	A=0	0.0
12S5	ID12	Production_forest	2020	0	0	1	0	1	0	1	1	0	1	1	0	2	1	1	0	0	1	1	0	0	0	1	1	1	0	0	1	0	0	0	0	0	0	0	0	0	0	0	0	0	15	4	12	455	47.8	44.9	0.0	59.2	33.2	0.2	61.3	1	1	B 0<>1	0.3
12Z	ID12	Production_forest	2020	0	0	1	0	2	0	0	0	0	0	0	0	1	0	1	0	0	1	2	1	0	0	0	0	0	0	1	0	0	0	0	0	0	0	0	0	0	0	0	0	0	8	2	8	442	4.3	90.1	0.0	42.6	23.8	0.5	38.5	0	0	A=0	0.0
13A	ID13	Production_forest	2020	0	0	1	0	1	0	0	0	0	0	1	0	1	1	1	0	0	0	2	0	0	0	0	0	1	0	3	0	0	0	0	0	0	0	0	0	0	0	0	0	0	9	5	7	750	30.2	69.7	0.0	81.0	49.5	0.7	100.0	12	9	C1<>3	2.9
13B	ID13	Production_forest	2020	0	0	1	0	1	0	0	0	0	1	0	0	2	0	1	0	0	2	2	0	0	0	0	1	1	0	1	0	0	0	0	0	0	0	0	0	0	0	0	0	0	10	2	11	742	30.1	52.5	0.0	74.6	28.1	0.5	35.9	15	15	D3<>9	4.8
13C	ID13	Production_forest	2020	0	0	0	0	1	0	0	0	0	0	0	0	0	1	1	0	0	0	1	0	0	0	0	2	1	0	1	0	0	0	0	0	0	0	0	0	0	0	0	0	0	7	3	5	727	8.5	84.0	0.0	104.5	35.1	0.5	68.4	18	3	B 0<>1	1.0
13D	ID13	Production_forest	2020	0	0	0	0	1	2	0	0	0	0	0	0	0	1	1	0	0	1	1	2	0	0	0	1	0	0	1	1	0	0	0	0	0	0	0	0	0	0	0	0	0	10	6	6	775	0.8	99.1	0.0	93.1	29.4	0.0	251.4	3	1	B 0<>1	0.3
13M	ID13	Production_forest	2020	0	0	0	0	2	0	0	0	0	0	1	0	0	1	1	0	0	0	2	0	0	0	0	1	0	0	1	1	0	0	0	0	0	0	0	0	0	0	0	0	0	8	4	6	740	0.0	99.9	0.0	94.3	4.9	0.2	106.9	1	0	A=0	0.0
13M1	ID13	Production_forest	2020	0	0	2	0	1	2	0	0	0	0	0	1	0	1	1	0	0	4	1	1	0	0	0	2	0	0	1	0	0	0	0	0	0	0	0	0	0	0	0	0	0	12	6	11	734	0.0	99.9	0.0	84.3	7.1	0.1	148.2	0	0	A=0	0.0
13S1	ID13	Production_forest	2020	0	0	1	0	1	0	0	0	0	0	0	0	0	1	1	0	0	0	1	1	0	0	0	1	0	0	1	0	0	0	0	0	0	0	0	0	0	0	0	0	0	8	3	5	736	4.4	93.4	0.0	84.6	16.3	0.1	43.7	20	2	B 0<>1	0.6
13S2	ID13	Production_forest	2020	0	0	0	0	1	0	0	0	0	0	0	0	0	1	1	0	0	1	2	0	0	0	1	2	0	0	1	1	0	0	0	0	0	0	0	0	0	0	0	0	0	9	4	7	742	10.0	83.8	0.0	89.0	0.0	0.3	20.5	10	6	C1<>3	1.9
13S3	ID13	Production_forest	2020	0	0	1	0	2	2	0	0	0	0	0	0	0	0	1	0	0	1	3	0	0	0	0	0	0	0	1	1	0	0	0	0	0	0	0	0	0	0	0	0	0	8	5	7	731	5.1	94.8	0.0	77.3	24.3	0.1	115.9	3	3	B 0<>1	1.0
13S4	ID13	Production_forest	2020	0	0	0	0	1	2	0	0	0	0	1	0	0	1	1	0	0	0	2	0	0	0	2	1	0	0	1	1	0	0	0	0	0	0	0	0	0	0	0	0	0	10	6	7	724	0.0	97.8	0.0	93.2	17.9	0.1	87.0	45	1	B 0<>1	0.3
13S5	ID13	Production_forest	2020	0	0	0	0	2	0	0	0	0	0	0	0	0	2	1	0	0	0	3	0	0	0	0	0	0	0	1	1	0	0	0	0	0	0	0	0	0	0	0	0	0	6	5	5	740	0.1	99.8	0.0	90.4	4.9	0.2	230.3	1	1	B 0<>1	0.3
13Z	ID13	Production_forest	2020	0	0	1	0	1	0	0	0	0	0	1	0	0	0	1	0	0	1	3	0	0	0	0	1	1	0	1	0	0	0	0	0	0	0	0	0	0	0	0	0	0	9	2	9	753	7.7	71.6	4.7	78.1	31.0	0.7	51.8	4	0	A=0	0.0
14A	ID14	Production_forest	2020	1	0	1	0	2	0	0	0	0	0	0	0	1	1	0	0	0	1	2	1	0	0	1	1	0	0	1	1	0	0	0	0	0	0	0	0	0	0	0	0	0	12	3	11	837	1.8	81.9	0.0	74.7	21.9	0.3	58.8	10	5	C1<>3	1.6
14B	ID14	Production_forest	2020	0	0	1	0	2	0	0	0	1	0	0	0	0	0	1	0	0	0	1	0	0	0	1	1	0	0	2	0	0	0	0	0	0	0	0	0	0	0	0	0	0	8	4	6	888	0.7	81.0	13.0	89.4	33.7	0.1	58.6	8	2	B 0<>1	0.6
14C	ID14	Production_forest	2020	0	0	0	0	2	0	0	0	0	1	0	0	0	1	2	0	0	0	2	1	0	0	0	1	0	0	2	0	0	0	0	0	0	0	0	0	0	0	0	0	0	8	5	7	779	4.3	95.6	0.0	70.0	24.6	0.2	116.3	1	1	B 0<>1	0.3
14D	ID14	Production_forest	2020	0	0	0	0	2	0	0	0	0	0	1	0	0	1	1	0	0	0	2	1	0	0	1	1	0	0	2	2	0	0	0	0	0	0	0	0	0	0	0	0	0	10	6	8	845	7.1	92.0	0.0	82.3	39.5	0.4	107.5	15	1	B 0<>1	0.3
14M	ID14	Production_forest	2020	0	0	0	0	1	0	0	0	0	0	0	0	1	1	1	0	0	0	1	0	0	0	0	2	1	0	2	0	0	0	0	0	0	0	0	0	0	0	0	0	0	8	4	6	947	0.0	94.3	0.0	123.0	7.8	0.0	62.2	0	0	A=0	0.0
14M1	ID14	Production_forest	2020	0	0	0	0	1	1	0	0	0	0	0	0	0	1	2	0	0	0	2	1	0	0	0	1	0	0	3	1	0	0	0	0	0	0	0	0	0	0	0	0	0	9	8	5	921	5.9	92.2	1.7	120.1	44.7	0.3	110.0	0	0	A=0	0.0
14S1	ID14	Production_forest	2020	0	0	1	0	1	0	0	0	0	2	0	0	1	1	1	0	2	0	2	0	0	0	0	2	0	0	1	1	0	0	0	0	0	0	0	0	0	0	0	0	0	11	6	9	911	0.4	72.6	0.0	59.7	11.3	0.5	30.0	1	1	B 0<>1	0.3
14S2	ID14	Production_forest	2020	0	0	1	0	1	0	0	0	0	0	0	0	1	1	1	0	0	0	2	0	0	0	0	1	0	0	1	1	0	0	0	0	0	0	0	0	0	0	0	0	0	9	4	6	871	0.0	99.9	0.0	125.7	49.7	0.0	143.4	27	0	A=0	0.0
14S3	ID14	Production_forest	2020	0	0	0	0	2	0	0	0	0	0	0	0	0	1	1	0	0	1	2	0	0	0	0	1	0	0	2	1	0	0	0	0	0	0	0	0	0	0	0	0	0	8	5	6	939	13.5	72.9	13.5	132.9	55.8	0.2	118.9	31	0	A=0	0.0
14S4	ID14	Production_forest	2020	0	0	1	0	2	0	0	0	0	1	0	0	1	1	1	0	0	1	1	0	0	0	0	1	0	0	2	1	0	0	0	0	0	0	0	0	0	0	0	0	0	11	5	8	830	0.0	98.5	0.0	98.9	46.3	0.0	16.4	14	0	A=0	0.0
14Z	ID14	Production_forest	2020	0	0	1	0	2	0	0	0	1	1	0	0	0	1	1	0	0	1	1	1	0	0	0	0	0	0	1	0	0	0	0	0	0	0	0	0	0	0	0	0	0	10	4	7	879	20.7	72.7	0.0	78.5	54.7	0.5	54.7	6	0	A=0	0.0
16B	ID16	Production_forest	2020	0	0	0	0	0	0	0	0	0	0	1	0	1	1	1	0	0	1	3	0	0	0	0	1	0	0	1	0	0	0	0	0	0	0	0	0	0	0	0	0	0	8	3	7	603	8.0	91.1	0.0	77.6	24.2	0.0	217.6	7	7	C1<>3	2.2
16C	ID16	Production_forest	2020	0	0	0	0	2	0	0	0	0	2	0	1	0	1	1	0	1	0	2	0	0	0	0	1	0	0	1	1	0	0	0	0	0	0	0	0	0	0	0	0	0	10	6	7	633	6.1	93.8	0.0	85.3	35.7	0.0	112.0	10	8	C1<>3	2.5
16D	ID16	Production_forest	2020	1	0	0	0	0	0	0	0	0	0	0	0	1	1	2	0	0	0	1	0	0	0	1	1	1	0	4	1	0	0	0	0	0	0	0	0	0	0	0	0	0	10	8	6	603	22.8	77.1	0.0	94.0	0.0	0.0	167.8	5	2	B 0<>1	0.6
16M	ID16	Production_forest	2020	0	0	0	0	1	0	0	0	0	0	1	0	0	1	1	0	0	0	2	0	0	0	0	1	0	0	2	0	0	0	0	0	0	0	0	0	0	0	0	0	0	7	4	5	557	1.8	96.5	0.0	88.0	1.4	0.0	88.7	1	0	A=0	0.0
16M1	ID16	Production_forest	2020	0	0	0	0	0	0	0	0	0	0	1	0	1	1	1	0	0	0	3	1	0	0	0	2	1	0	1	0	0	0	0	0	0	0	0	0	0	0	0	0	0	9	3	9	653	0.0	99.9	0.0	93.4	40.5	0.2	105.6	0	0	A=0	0.0
16S1	ID16	Production_forest	2020	0	0	0	0	1	0	0	0	0	0	0	0	0	0	1	0	0	0	3	0	0	0	0	0	0	0	2	1	0	0	0	0	0	0	0	0	0	0	0	0	0	6	4	4	631	17.8	82.0	0.0	84.8	7.1	0.7	420.3	2	0	A=0	0.0
16S3	ID16	Production_forest	2020	0	0	1	0	1	0	0	0	0	1	0	1	0	1	1	0	2	0	2	0	0	0	0	1	0	0	1	1	0	0	0	0	0	0	0	0	0	0	0	0	0	11	7	6	570	1.5	91.9	0.0	79.9	23.9	0.0	70.2	5	4	C1<>3	1.3
16S4	ID16	Production_forest	2020	0	0	0	0	1	0	0	0	0	0	2	0	1	1	2	0	1	1	3	0	0	0	0	1	1	0	1	1	0	0	0	0	0	0	0	0	0	0	0	0	0	12	6	10	697	27.8	72.0	0.0	73.2	38.8	0.9	183.4	14	14	D3<>9	4.5
16S5	ID16	Production_forest	2020	0	0	0	0	0	0	0	0	0	0	1	0	0	0	1	0	0	0	3	1	0	0	0	1	0	0	1	0	0	0	0	0	0	0	0	0	0	0	0	1	0	7	3	6	687	15.0	81.7	0.0	46.3	51.1	0.2	301.0	3	3	B 0<>1	1.0
17A	ID17	Production_forest	2020	1	0	0	0	3	2	0	0	0	0	0	0	1	1	1	0	0	0	2	0	0	1	0	0	1	0	2	1	0	0	0	0	0	0	0	0	0	0	0	0	0	12	7	9	524	7.0	92.8	0.0	93.9	22.6	1.1	132.6	7	6	C1<>3	1.9
17B	ID17	Production_forest	2020	0	0	0	0	1	0	0	0	0	0	0	0	1	1	1	0	0	1	2	0	0	0	0	0	2	0	1	1	0	0	0	0	0	0	0	0	0	0	0	0	0	9	4	7	525	19.4	80.5	0.0	67.2	19.3	0.9	153.2	3	3	B 0<>1	1.0
17C	ID17	Production_forest	2020	1	0	1	0	2	0	1	0	0	0	0	0	1	1	1	0	0	0	2	0	0	0	1	0	1	0	1	1	0	0	0	0	0	0	0	0	0	0	0	0	0	12	5	9	486	12.3	77.4	0.0	77.8	31.8	1.1	14.7	10	3	B 0<>1	1.0
17D	ID17	Production_forest	2020	0	0	1	0	1	2	0	3	0	0	0	0	1	0	1	0	0	1	0	1	0	0	1	1	0	0	1	1	0	0	0	0	0	0	0	0	0	0	0	0	0	12	5	10	562	1.0	93.6	0.0	87.7	33.0	0.9	78.7	6	1	B 0<>1	0.3
17M	ID17	Production_forest	2020	1	0	1	0	1	0	0	0	0	1	1	0	0	1	1	0	0	0	2	0	0	0	0	0	0	0	1	0	0	0	0	0	0	0	0	0	0	0	0	0	0	9	3	7	532	2.0	92.5	0.0	69.7	27.5	0.7	45.2	1	1	B 0<>1	0.3
17M1	ID17	Production_forest	2020	0	0	0	0	1	0	0	0	0	0	0	0	1	1	0	0	0	1	2	0	0	0	0	1	2	0	2	1	0	0	0	0	0	0	0	0	0	0	0	0	0	9	4	8	547	0.0	98.0	1.7	80.5	13.7	0.7	170.1	8	0	A=0	0.0
17S1	ID17	Production_forest	2020	0	0	1	0	1	2	0	0	0	0	0	0	2	1	1	0	0	1	2	0	0	1	0	1	1	0	1	1	0	0	0	0	0	0	0	0	0	0	0	0	0	13	6	10	529	0.0	89.2	6.7	61.4	32.8	0.8	7.6	2	0	A=0	0.0
17S2	ID17	Production_forest	2020	0	0	0	0	2	0	1	0	0	0	0	0	1	1	0	0	0	0	1	0	0	0	1	1	2	0	2	1	0	0	0	0	0	0	0	0	0	0	0	0	0	10	5	8	541	43.5	54.4	0.0	92.7	43.4	1.4	84.3	30	22	D3<>9	7.0
17S4	ID17	Production_forest	2020	0	0	0	0	3	2	0	0	0	0	0	0	1	1	1	0	0	0	1	0	0	0	1	1	1	0	1	2	0	0	0	0	0	0	0	0	0	0	0	0	0	11	7	8	509	23.0	76.9	0.0	77.6	21.2	1.0	113.4	1	0	A=0	0.0
17S5	ID17	Production_forest	2020	1	0	0	0	2	2	0	0	0	0	0	0	1	1	1	0	0	1	1	0	0	0	1	1	1	0	1	1	0	0	0	0	0	0	0	0	0	0	0	0	0	13	6	9	536	3.2	96.7	0.0	79.7	24.9	0.8	104.0	0	0	A=0	0.0
17Z	ID17	Production_forest	2020	0	1	0	0	2	0	0	0	0	0	1	0	0	0	1	0	0	0	3	0	0	2	0	0	1	0	0	1	0	0	0	0	0	0	0	0	0	0	0	0	0	8	3	9	566	16.1	83.8	0.0	68.7	20.7	1.0	125.5	1	0	A=0	0.0
20A	ID20	Production_forest	2020	1	0	1	0	2	0	0	1	0	0	1	0	0	1	1	0	0	0	2	1	0	0	1	1	1	0	2	1	0	0	0	0	0	0	0	0	0	0	0	0	0	14	5	12	676	9.6	83.6	4.0	76.1	41.9	0.5	78.4	17	15	D3<>9	4.8
20B	ID20	Production_forest	2020	0	0	1	0	1	0	0	0	0	1	0	0	2	1	0	0	0	1	2	0	0	0	1	1	0	0	2	1	0	0	0	0	0	0	0	0	0	0	0	0	0	11	4	10	658	19.0	69.9	7.2	87.8	41.9	0.5	87.5	19	9	C1<>3	2.9
20C	ID20	Production_forest	2020	1	0	1	0	2	0	0	0	1	1	0	0	1	1	0	0	0	0	3	0	0	0	0	1	1	0	2	0	0	0	0	0	0	0	0	0	0	0	0	0	0	11	4	11	653	5.2	85.7	4.7	102.8	41.2	0.4	78.7	20	4	C1<>3	1.3
20D	ID20	Production_forest	2020	0	1	0	0	2	0	0	0	0	0	1	0	0	0	1	0	0	0	3	0	0	0	1	1	0	0	1	1	0	0	0	0	0	0	0	0	0	0	0	0	0	9	4	8	704	35.9	64.0	0.0	93.5	21.9	1.0	222.6	10	2	B 0<>1	0.6
20M	ID20	Production_forest	2020	1	0	1	0	1	0	0	0	0	0	0	0	1	0	1	0	0	0	3	0	0	0	0	0	0	0	2	1	0	0	0	0	0	0	0	0	0	0	0	0	0	8	4	7	699	0.1	95.3	0.0	106.5	0.0	0.2	74.1	1	0	A=0	0.0
20M1	ID20	Production_forest	2020	0	0	1	0	2	4	0	0	0	0	1	0	1	1	1	0	0	0	2	0	0	1	0	1	0	0	1	0	0	0	0	0	0	0	0	0	0	0	0	0	0	11	7	9	699	0.0	97.5	0.0	92.8	9.2	0.3	46.6	0	0	A=0	0.0
20S1	ID20	Production_forest	2020	1	0	0	0	1	0	0	0	0	0	1	0	2	0	2	0	0	0	3	1	0	0	2	1	0	0	1	0	0	0	0	0	0	0	0	0	0	0	0	0	0	10	3	12	678	5.0	92.5	0.0	91.3	18.4	0.5	75.3	11	3	B 0<>1	1.0
20S4	ID20	Production_forest	2020	0	0	0	0	1	0	0	0	1	1	0	0	1	0	1	0	0	1	3	0	1	1	1	1	0	0	1	1	0	0	0	0	0	0	0	0	0	0	0	0	0	13	4	11	691	34.4	61.0	0.0	96.7	41.9	0.5	81.3	7	4	C1<>3	1.3
20S5	ID20	Production_forest	2020	0	1	0	0	2	0	0	0	0	2	1	0	2	0	1	0	0	2	2	0	0	0	1	1	1	0	1	1	0	0	0	0	0	0	0	0	0	0	0	0	0	13	4	14	642	25.7	72.9	0.0	117.6	17.7	0.9	111.6	18	8	C1<>3	2.5
20S2	ID20	Production_forest	2020	0	0	2	0	2	0	0	0	0	0	1	0	1	1	1	0	0	1	2	0	0	0	1	1	3	0	0	1	0	0	0	0	0	0	0	0	0	0	0	0	0	12	3	14	696	19.6	69.2	0.0	96.0	49.1	0.6	32.2	18	7	C1<>3	2.2
20S3	ID20	Production_forest	2020	0	0	1	0	1	0	0	0	1	0	0	1	2	0	1	0	0	1	3	0	0	0	1	2	1	0	1	1	0	0	0	0	0	0	0	0	0	0	0	0	0	13	5	12	673	0.0	91.1	0.0	76.3	18.6	0.6	23.6	13	0	A=0	0.0
20Z	ID20	Production_forest	2020	2	1	0	0	1	0	0	1	0	0	2	0	2	1	0	0	0	0	3	0	0	1	0	1	0	0	1	1	0	0	0	0	0	0	0	0	0	0	0	0	0	12	4	13	693	22.8	77.1	0.0	91.5	9.1	0.8	196.5	2	1	B 0<>1	0.3
15C	ID15	Production_forest	2019	0	0	0	0	2	0	0	0	0	0	0	0	0	1	0	0	2	0	3	0	0	0	1	1	2	0	1	1	0	0	0	0	0	0	0	0	0	0	0	0	0	9	5	9	528	32.9	67.0	0.0	69.4	20.6	0.8	159.0	4	3	B 0<>1	1.0
15D	ID15	Production_forest	2019	1	0	1	0	2	0	0	0	0	1	1	0	1	1	2	0	0	1	3	0	0	0	1	1	2	0	2	0	0	0	0	0	0	0	0	0	0	0	0	0	0	14	5	15	569	23.3	59.6	14.2	72.5	43.4	0.9	80.5	48	3	B 0<>1	1.0
15M	ID15	Production_forest	2019	0	0	0	0	2	0	0	0	0	0	0	0	1	1	1	0	0	1	3	0	0	0	2	1	1	0	0	1	0	0	0	0	0	1	0	0	0	0	0	0	0	11	4	11	518	0.0	98.6	1.3	66.1	25.7	0.7	120.1	1	0	A=0	0.0
15M2	ID15	Production_forest	2019	1	0	0	0	2	0	0	0	0	1	0	0	0	1	2	0	2	0	3	0	0	0	0	1	0	0	2	0	0	0	0	0	0	0	0	0	0	0	0	0	0	9	7	8	520	28.1	71.7	0.0	66.1	16.6	1.1	106.3	0	0	A=0	0.0
15R	ID15	Forest_reserve	2019	1	1	0	0	1	0	0	0	1	0	0	0	1	0	1	0	2	0	1	0	0	1	1	1	1	0	1	1	2	0	0	0	0	0	0	0	0	0	0	0	0	15	7	10	607	NA	NA	NA	NA	NA	NA	NA	NA	23	R	23.0
18A	ID18	Production_forest	2019	0	1	1	0	1	0	0	0	0	1	0	0	0	0	2	0	2	1	1	0	0	0	1	1	2	0	1	1	0	0	0	0	0	0	0	0	0	0	0	0	0	13	7	9	540	34.7	57.6	0.0	60.8	43.9	1.4	47.4	11	10	D3<>9	3.2
18B	ID18	Production_forest	2019	1	0	1	0	1	1	0	1	0	1	0	0	0	0	1	0	2	1	2	0	0	1	0	0	1	0	2	1	0	0	0	0	0	0	0	0	0	0	0	0	0	14	7	10	530	11.7	82.5	0.0	53.2	37.9	1.4	64.7	2	2	B 0<>1	0.6
18C	ID18	Production_forest	2019	0	0	1	0	2	0	0	0	0	1	0	0	1	0	1	0	1	1	2	0	0	0	1	1	0	1	1	0	0	0	0	0	0	0	0	0	0	0	0	0	0	12	3	11	586	19.5	75.0	0.0	50.9	34.4	1.0	68.5	2	1	B 0<>1	0.3
18D	ID18	Production_forest	2019	0	1	1	0	1	0	0	0	0	0	1	0	0	0	0	0	0	1	2	1	0	0	0	1	1	0	1	1	0	0	0	0	0	0	0	0	0	0	0	0	0	11	3	9	545	10.5	80.1	3.9	54.6	14.4	1.5	72.3	2	2	B 0<>1	0.6
18M	ID18	Production_forest	2019	0	0	1	0	1	0	0	0	0	0	0	0	1	1	0	0	0	1	3	0	0	0	0	0	0	1	1	1	0	0	0	0	0	0	0	0	0	0	0	0	0	9	3	8	530	3.8	95.8	0.0	63.6	21.0	0.7	205.7	0	0	A=0	0.0
18M2	ID18	Production_forest	2019	0	0	1	0	2	0	0	2	0	1	0	0	0	2	1	0	0	2	2	0	0	0	0	1	1	0	1	1	0	0	2	0	0	0	0	0	0	0	0	0	0	13	5	14	551	0.0	99.9	0.0	57.8	0.7	1.1	174.1	0	0	A=0	0.0
18R	ID18	Forest_reserve	2019	1	0	0	0	1	0	0	0	0	1	0	0	2	0	1	0	0	1	2	0	0	0	2	1	1	1	0	0	0	0	0	0	0	0	0	0	0	0	0	0	0	11	1	13	402	NA	NA	NA	NA	NA	NA	NA	NA	23	R	23.0
18S1	ID18	Production_forest	2019	0	0	1	0	0	1	0	0	0	0	0	0	1	0	1	0	0	1	1	0	0	0	0	0	1	0	1	0	0	0	0	0	0	0	0	0	0	0	0	0	0	8	3	5	545	23.1	56.9	0.0	51.5	35.1	1.1	3.6	5	2	B 0<>1	0.6
18S2	ID18	Production_forest	2019	0	0	1	1	1	0	0	1	0	0	1	2	1	1	0	0	0	1	2	0	0	0	1	0	0	0	0	0	0	0	1	1	0	0	0	0	0	0	0	0	0	13	3	12	559	8.2	53.2	21.7	64.1	40.6	0.9	17.7	0	0	A=0	0.0
18S4	ID18	Production_forest	2019	0	0	1	0	1	0	0	0	0	1	0	0	0	0	2	0	0	1	2	0	0	0	1	1	1	0	1	0	0	0	0	0	0	0	0	0	0	0	0	0	0	10	3	9	545	6.9	88.8	0.0	59.9	24.3	1.3	48.1	7	0	A=0	0.0
18S5	ID18	Production_forest	2019	0	0	1	0	1	0	0	0	0	0	1	0	0	1	0	0	0	1	2	1	0	0	1	0	0	0	1	1	0	0	0	0	0	0	0	0	0	0	0	0	0	10	3	8	519	33.5	49.9	0.0	72.1	32.1	1.4	31.1	4	2	B 0<>1	0.6
18Z	ID18	Production_forest	2019	0	0	1	0	1	0	0	0	0	0	0	0	0	1	1	0	0	0	1	0	0	0	1	0	0	0	1	0	0	0	0	0	0	0	0	0	0	0	0	0	0	7	3	4	578	30.8	0.6	67.6	37.5	38.2	1.2	110.6	0	0	A=0	0.0
19C	ID19	Production_forest	2019	1	1	0	0	0	0	0	0	0	1	0	0	1	1	1	0	0	0	3	0	0	0	1	1	1	0	1	1	0	0	0	0	0	0	0	0	0	0	0	0	0	12	5	9	438	32.5	67.4	0.0	72.4	20.5	1.0	110.9	4	2	B 0<>1	0.6
19D	ID19	Production_forest	2019	0	1	1	0	1	0	0	0	1	0	0	0	0	0	1	0	0	0	2	0	0	0	0	0	1	0	1	1	0	0	0	0	0	0	0	0	0	0	0	0	0	9	5	5	401	5.8	92.6	0.0	74.4	23.7	0.1	67.8	2	1	B 0<>1	0.3
19M	ID19	Production_forest	2019	0	0	1	0	1	0	0	0	1	0	1	0	0	1	1	0	0	2	2	0	0	1	0	1	1	0	1	0	0	0	0	0	0	0	0	0	0	0	0	0	0	12	4	10	428	0.0	99.9	0.0	74.8	27.2	0.9	166.0	0	0	A=0	0.0
19M2	ID19	Production_forest	2019	0	1	0	0	1	0	0	0	1	0	0	0	1	0	0	0	0	1	2	0	0	0	1	1	0	0	1	1	0	0	0	0	0	0	0	0	0	0	0	0	0	10	4	7	387	2.0	97.9	0.0	66.4	31.0	0.8	151.6	0	0	A=0	0.0
19R	ID19	Forest_reserve	2019	1	0	1	0	0	0	0	0	0	0	1	0	1	0	0	0	0	1	2	0	0	0	1	0	1	0	0	1	0	0	1	0	0	0	0	0	0	0	0	0	0	11	1	10	462	NA	NA	NA	NA	NA	NA	NA	NA	40	R	40.0
19S1	ID19	Production_forest	2019	0	1	1	0	1	0	0	0	0	0	0	1	1	1	0	0	0	1	3	0	0	0	1	0	1	0	1	0	0	0	0	0	0	0	0	0	0	0	0	0	0	11	4	9	357	6.0	93.9	0.0	63.2	22.7	0.8	118.5	0	0	A=0	0.0
19S2	ID19	Production_forest	2019	1	0	1	0	1	0	0	0	1	0	0	0	2	1	1	0	0	1	1	0	0	1	1	1	1	0	1	1	0	0	0	0	0	0	0	0	0	0	0	0	0	15	5	11	360	49.0	31.7	12.6	102.7	27.8	1.5	41.5	13	3	B 0<>1	1.0
19S3	ID19	Production_forest	2019	1	2	1	1	2	0	0	0	0	0	1	0	2	0	1	0	0	1	1	0	0	0	0	1	0	0	0	1	0	0	0	0	0	0	0	0	0	0	0	0	0	12	4	11	368	26.3	62.1	0.0	111.4	43.8	1.5	33.4	9	4	C1<>3	1.3
19S4	ID19	Production_forest	2019	1	0	2	0	1	0	0	0	0	0	2	0	1	0	0	0	0	1	1	0	0	1	1	1	0	1	1	1	0	0	0	0	0	0	0	0	0	0	0	0	0	13	2	13	379	52.1	44.1	0.0	112.0	0.0	1.5	0.0	15	8	C1<>3	2.5
19Z	ID19	Production_forest	2019	1	0	1	0	1	0	0	0	0	0	0	0	0	0	0	0	0	1	1	0	0	0	1	0	2	0	1	0	0	0	1	0	0	0	0	0	0	0	0	0	0	9	1	9	433	31.4	51.2	10.9	158.0	67.5	1.4	78.6	4	4	C1<>3	1.3
1C	ID01	Production_forest	2019	0	1	1	0	1	2	0	0	0	0	1	1	0	1	1	0	2	0	3	0	0	0	1	0	1	0	1	0	0	0	0	0	0	0	0	0	0	0	0	0	0	13	9	8	612	2.9	92.9	0.0	81.8	25.0	0.6	39.3	2	2	B 0<>1	0.6
1D	ID01	Production_forest	2019	0	0	0	0	1	2	0	0	0	0	0	0	1	1	1	0	0	0	2	0	0	0	1	0	0	0	1	1	0	0	0	0	0	0	0	0	0	0	0	0	0	9	6	5	678	0.9	96.6	0.0	73.6	23.2	0.2	60.4	3	3	B 0<>1	1.0
1E	ID01	Production_forest	2019	0	0	0	0	0	0	0	0	0	0	0	0	0	1	1	0	0	1	3	1	0	0	0	0	1	0	2	1	0	0	0	0	0	0	0	0	0	0	0	0	0	8	5	6	751	1.6	96.4	0.0	86.8	24.6	0.2	76.4	4	4	C1<>3	1.3
1M	ID01	Production_forest	2019	0	0	0	0	1	2	0	0	0	0	1	1	0	1	1	0	0	0	2	0	0	0	0	2	0	0	1	1	0	0	0	0	0	0	0	0	0	0	0	0	0	10	7	6	597	0.0	98.2	0.0	97.0	0.0	0.5	64.6	0	0	A=0	0.0
1M2	ID01	Production_forest	2019	0	0	0	0	0	2	0	0	0	0	2	0	1	0	0	0	0	0	2	0	0	0	1	0	0	0	2	1	0	0	0	0	0	0	0	0	0	0	0	0	0	7	5	6	578	0.2	95.3	0.0	77.7	25.5	0.3	71.7	0	0	A=0	0.0
1R	ID01	Forest_reserve	2019	1	2	0	0	2	0	0	0	0	0	1	0	1	0	1	0	0	0	3	0	0	0	1	1	1	0	1	1	0	1	0	0	0	0	0	0	0	0	0	0	0	13	6	11	724	NA	NA	NA	NA	NA	NA	NA	NA	22	R	22.0
1S1	ID01	Production_forest	2019	0	1	0	0	1	1	0	0	0	0	0	0	1	0	1	0	0	0	2	0	0	0	1	0	1	0	1	1	0	0	0	0	0	0	0	0	0	0	0	0	0	10	5	6	605	8.4	91.4	0.0	130.3	52.7	1.1	100.0	21	3	B 0<>1	1.0
1S2	ID01	Production_forest	2019	0	0	1	0	2	1	0	0	0	0	0	0	0	1	1	0	0	0	1	1	0	1	0	1	0	1	2	1	0	0	0	0	0	0	0	0	0	0	0	0	0	13	6	8	645	16.4	59.5	0.0	72.1	39.6	0.6	25.6	13	12	D3<>9	3.8
1S3	ID01	Production_forest	2019	1	0	1	0	1	0	0	0	0	0	1	0	1	0	1	0	1	1	1	0	0	1	1	0	1	0	1	0	0	0	0	0	0	0	0	0	0	0	0	0	0	13	3	10	658	0.2	97.7	0.0	103.0	16.5	0.5	75.8	1	1	B 0<>1	0.3
1Z1	ID01	Production_forest	2019	0	0	1	0	1	2	0	0	0	1	0	0	0	0	2	0	0	1	2	0	0	1	0	1	1	0	2	2	0	0	0	0	0	0	0	0	0	0	0	0	0	12	8	9	597	21.8	51.8	0.0	86.6	43.7	0.6	34.5	12	10	D3<>9	3.2
2B	ID02	Production_forest	2019	1	1	1	0	1	1	0	0	0	1	0	0	1	0	1	0	2	1	3	0	0	0	1	0	2	2	0	1	0	0	0	0	0	0	0	0	0	0	0	0	0	15	6	14	604	44.7	45.4	9.4	98.6	51.7	1.7	110.0	20	20	D3<>9	6.4
2C	ID02	Production_forest	2019	0	0	1	0	2	0	0	0	0	0	0	1	1	0	0	0	0	1	2	0	0	0	0	1	0	1	1	1	0	0	0	0	0	0	0	0	0	0	0	0	0	10	3	9	648	1.9	93.2	4.8	89.0	34.0	1.0	240.6	7	4	C1<>3	1.3
2D	ID02	Production_forest	2019	1	0	0	0	0	0	0	0	0	1	0	1	1	1	1	0	2	0	2	0	0	0	1	0	0	0	1	1	0	0	0	0	0	0	0	0	0	0	0	0	0	11	7	6	582	1.8	98.0	0.0	71.1	8.1	0.9	148.3	5	5	C1<>3	1.6
2M	ID02	Production_forest	2019	0	1	1	1	0	0	0	0	0	0	1	0	0	1	1	0	2	0	2	0	0	0	1	1	0	0	1	1	0	0	0	0	0	0	0	0	0	0	0	0	0	12	7	7	601	0.0	86.7	0.0	110.8	0.0	0.6	59.4	0	0	A=0	0.0
2M2	ID02	Production_forest	2019	0	0	1	0	1	0	0	0	0	0	1	0	1	2	1	0	2	0	2	0	0	0	0	0	0	0	2	1	0	0	0	0	0	0	0	0	0	0	0	0	0	10	8	6	540	0.0	95.9	0.0	118.0	0.0	0.8	72.6	0	0	A=0	0.0
2R	ID02	Forest_reserve	2019	0	1	0	0	2	0	0	0	0	0	1	0	1	0	1	0	0	1	2	0	0	0	0	2	0	0	1	1	0	0	0	0	0	0	0	1	0	0	0	0	0	11	5	9	582	NA	NA	NA	NA	NA	NA	NA	NA	28	R	28.0
2S1	ID02	Production_forest	2019	1	0	1	0	1	0	0	0	0	0	0	0	0	0	3	0	2	0	1	0	0	0	1	0	1	0	3	1	0	0	0	0	0	0	0	1	0	0	0	0	0	11	10	6	642	49.1	50.8	0.0	149.4	30.8	1.0	327.0	17	9	C1<>3	2.9
2S2	ID02	Production_forest	2019	0	0	0	0	1	0	0	0	0	0	0	1	0	1	1	0	0	1	2	1	0	0	0	1	0	0	2	1	0	0	0	0	0	0	0	0	0	0	0	0	0	10	6	6	522	6.0	85.0	0.0	64.9	25.0	1.1	36.4	1	0	A=0	0.0
2S3	ID02	Production_forest	2019	1	0	1	1	1	0	0	0	0	0	0	0	0	1	1	0	0	1	1	0	0	0	1	1	0	1	1	0	0	0	0	0	0	0	0	0	0	0	0	0	0	12	3	9	575	1.4	92.0	3.7	96.6	44.4	0.9	68.1	1	0	A=0	0.0
2S4	ID02	Production_forest	2019	1	0	1	0	1	0	0	0	0	0	0	0	0	1	1	0	1	1	1	0	0	0	1	1	1	1	1	1	0	0	0	0	0	0	0	0	0	0	0	0	0	14	5	9	565	44.6	33.7	21.6	92.9	46.5	0.9	118.7	9	1	B 0<>1	0.3
3D	ID03	Production_forest	2019	3	0	2	0	2	0	0	0	0	1	0	0	2	0	1	0	0	1	1	0	0	0	2	0	1	0	2	1	0	0	0	0	0	0	0	0	0	0	0	0	0	12	4	15	500	37.6	50.3	12.0	75.8	36.4	1.2	194.1	5	4	C1<>3	1.3
3M	ID03	Production_forest	2019	0	0	0	0	1	0	0	0	0	0	0	0	1	1	0	0	0	1	3	0	0	0	1	2	0	0	1	1	0	0	0	0	0	0	0	1	0	0	0	0	0	10	4	9	499	0.0	99.9	0.0	64.9	4.2	1.6	247.6	0	0	A=0	0.0
3M2	ID03	Production_forest	2019	0	0	2	0	1	0	0	0	0	0	0	0	0	0	1	0	0	2	2	0	0	0	0	0	0	1	1	1	0	0	0	0	0	0	0	0	0	0	0	0	0	8	3	8	507	23.2	52.1	19.2	71.5	25.4	1.1	67.6	0	0	A=0	0.0
3R	ID03	Forest_reserve	2019	2	0	0	0	0	0	1	2	0	0	3	0	1	0	0	0	0	1	3	0	0	1	1	1	1	1	1	1	0	0	0	0	0	0	0	0	0	0	0	0	0	14	3	17	470	NA	NA	NA	NA	NA	NA	NA	NA	32	R	32.0
3S2	ID03	Production_forest	2019	1	0	1	0	1	0	0	0	0	0	1	0	1	0	1	0	0	0	3	0	0	0	3	0	2	1	0	0	0	0	0	0	0	0	0	0	0	0	0	0	0	10	1	14	505	27.5	64.2	3.7	68.6	39.4	1.3	63.3	12	12	D3<>9	3.8
3S3	ID03	Production_forest	2019	0	0	1	0	1	1	0	0	0	0	0	0	0	0	2	0	1	1	2	1	0	0	1	0	1	2	2	0	0	0	0	0	2	0	0	0	0	0	0	0	0	13	6	12	515	36.4	52.3	0.0	67.0	18.9	1.5	55.5	2	2	B 0<>1	0.6
3S4	ID03	Production_forest	2019	1	0	1	0	2	1	0	0	0	1	2	0	2	0	1	0	0	2	1	1	0	0	1	1	1	1	1	0	0	0	0	0	0	0	0	0	0	0	0	0	0	16	3	17	428	35.4	36.5	27.3	56.9	21.6	1.6	141.5	3	3	B 0<>1	1.0
4A	ID04	Production_forest	2019	0	0	1	0	1	2	0	0	0	0	1	0	0	0	0	0	3	1	1	0	0	0	0	0	0	0	2	0	0	0	0	0	0	0	0	0	0	0	0	0	0	8	7	5	766	0.3	96.8	0.0	61.7	29.8	0.4	77.2	2	2	B 0<>1	0.6
4B	ID04	Production_forest	2019	0	0	0	0	0	2	0	0	0	0	0	0	2	1	1	0	0	1	3	1	0	0	1	2	0	0	2	1	0	0	0	0	0	0	0	0	0	0	0	0	0	11	7	10	733	0.0	99.9	0.0	106.0	0.0	0.1	97.9	1	1	B 0<>1	0.3
4C	ID04	Production_forest	2019	1	0	1	0	1	3	0	0	0	0	0	1	1	0	1	0	0	1	2	1	0	0	1	1	0	0	0	1	0	0	0	0	0	0	0	0	0	0	0	0	0	13	6	10	824	0.2	99.6	0.0	76.7	26.3	0.0	110.9	2	1	B 0<>1	0.3
4D	ID04	Production_forest	2019	0	0	2	1	1	2	0	0	0	1	0	0	1	0	1	0	0	1	1	1	0	0	0	2	2	0	0	1	0	0	0	0	0	0	0	0	0	0	0	0	0	13	4	13	786	0.1	89.1	0.0	84.0	18.4	0.5	55.8	0	0	A=0	0.0
4M	ID04	Production_forest	2019	0	0	0	0	2	2	0	0	0	0	1	0	1	1	2	0	0	0	2	0	0	0	0	1	0	0	0	1	0	0	0	0	0	0	0	0	0	0	0	0	0	9	6	7	749	0.0	99.9	0.0	96.7	19.0	0.0	183.3	0	0	A=0	0.0
4M2	ID04	Production_forest	2019	0	0	0	0	0	3	0	0	0	0	0	1	1	1	1	0	2	1	2	1	0	0	0	1	0	0	3	1	0	0	1	0	0	0	0	0	0	0	0	0	0	13	12	7	777	0.0	92.1	5.8	115.9	36.4	0.0	88.2	0	0	A=0	0.0
4R	ID04	Forest_reserve	2019	0	0	1	0	1	0	0	0	0	0	1	0	1	1	1	0	2	1	2	0	0	0	0	1	0	0	1	1	0	0	0	0	0	0	0	0	0	0	0	0	0	12	6	8	730	NA	NA	NA	NA	NA	NA	NA	NA	11	R	11.0
4S1	ID04	Production_forest	2019	0	0	1	0	1	2	0	0	0	0	0	0	1	1	1	0	0	0	2	1	0	0	1	1	0	0	1	1	0	0	1	0	0	0	0	0	0	0	0	0	0	13	6	9	751	0.0	97.9	0.0	94.4	13.2	0.1	75.4	2	1	B 0<>1	0.3
4S2	ID04	Production_forest	2019	1	0	1	0	1	0	0	0	0	0	0	0	1	1	1	0	1	1	3	0	0	1	1	0	0	0	2	1	0	0	0	0	0	0	0	0	0	0	0	0	0	13	6	10	766	0.1	85.8	0.0	123.4	0.6	0.1	27.9	2	2	B 0<>1	0.6
4S3	ID04	Production_forest	2019	0	0	0	0	2	2	0	1	0	0	0	0	3	1	1	0	1	1	3	3	0	0	1	1	0	0	1	1	0	0	0	0	0	0	0	0	0	0	0	0	0	14	7	15	802	0.3	88.8	0.0	102.9	21.9	0.0	30.5	1	1	B 0<>1	0.3
4Z	ID04	Production_forest	2019	0	0	0	1	2	0	0	0	0	1	0	0	0	2	1	0	0	0	1	0	0	0	0	0	0	0	1	0	0	0	0	0	0	0	0	0	0	0	0	0	0	7	4	5	730	10.6	68.8	12.6	50.4	16.7	0.8	52.4	0	0	A=0	0.0
5C	ID05	Production_forest	2019	1	0	1	0	2	0	0	0	0	0	0	0	0	0	1	0	0	1	2	1	0	0	1	1	1	1	1	1	0	0	0	0	0	0	0	0	0	0	0	0	0	13	3	12	427	1.5	96.4	0.0	64.3	22.0	1.4	89.8	1	1	B 0<>1	0.3
5D	ID05	Production_forest	2019	1	0	1	0	1	0	0	0	0	1	0	0	1	1	0	0	0	1	2	0	0	0	1	0	1	1	1	0	0	0	1	0	0	0	0	0	0	0	0	0	0	13	2	12	412	13.5	66.5	15.2	67.2	55.9	1.0	27.3	8	8	C1<>3	2.5
5M	ID05	Production_forest	2019	0	0	0	0	0	0	0	0	1	1	1	0	1	1	1	0	0	0	2	0	0	0	1	1	1	0	1	1	0	0	0	0	0	0	0	0	0	0	0	0	0	12	5	8	434	1.3	96.9	0.0	60.7	15.2	1.3	32.5	0	0	A=0	0.0
5M´	ID05	Production_forest	2019	0	0	0	0	1	0	0	0	0	0	0	0	1	1	1	0	0	1	1	0	0	0	0	0	0	0	1	0	0	0	0	0	0	0	0	0	0	0	0	0	0	7	3	4	458	0.0	99.4	0.0	82.5	17.7	0.8	100.0	0	0	A=0	0.0
5S5	ID05	Production_forest	2019	3	0	1	0	1	0	0	0	0	0	0	0	1	1	2	0	0	2	2	1	0	0	1	1	2	0	0	1	0	0	0	0	0	0	0	0	0	0	0	0	0	13	4	15	421	21.7	46.2	7.2	92.9	60.4	1.0	0.0	23	13	D3<>9	4.1
5Z	ID05	Production_forest	2019	0	0	0	0	1	0	0	0	0	0	0	0	1	1	0	0	0	0	2	0	0	0	1	1	0	0	2	0	0	0	0	0	0	0	0	0	0	0	0	0	0	7	3	6	435	0.0	49.1	0.0	53.1	8.1	1.4	0.0	0	0	A=0	0.0
6D	ID06	Production_forest	2019	0	0	1	0	1	0	0	0	0	0	0	0	1	1	1	0	0	2	2	0	0	1	1	1	0	0	1	0	0	0	0	0	0	0	0	0	0	0	0	0	0	11	3	10	679	47.3	52.6	0.0	76.0	27.7	0.7	116.9	3	2	B 0<>1	0.6
6M	ID06	Production_forest	2019	0	0	0	0	2	0	0	0	0	0	0	0	1	0	0	0	0	0	4	0	0	0	0	1	0	0	1	0	0	0	0	0	0	0	0	0	0	0	0	0	0	5	1	8	592	2.2	96.5	0.0	68.8	17.0	0.5	73.4	0	0	A=0	0.0
6M2	ID06	Production_forest	2019	0	0	1	0	1	0	0	0	0	0	1	0	0	1	1	0	0	1	2	0	0	0	0	1	0	0	2	1	0	0	0	0	0	0	0	0	0	0	0	0	0	10	5	7	652	11.3	88.5	0.0	58.7	33.8	0.9	189.3	1	1	B 0<>1	0.3
6R	ID06	Forest_reserve	2019	1	0	0	0	2	0	0	0	0	0	0	0	2	0	0	0	0	1	2	0	0	0	1	1	1	0	0	1	0	0	0	0	0	0	0	0	0	0	0	0	0	9	1	11	649	NA	NA	NA	NA	NA	NA	NA	NA	45	R	45.0
6S5	ID06	Production_forest	2019	1	0	0	0	2	0	0	0	0	1	0	0	1	1	2	0	0	0	3	0	0	0	1	0	3	0	2	1	0	0	0	0	0	0	0	0	0	0	0	0	0	11	6	12	695	28.6	67.1	2.6	84.9	34.3	0.5	85.6	4	3	B 0<>1	1.0
7A	ID07	Production_forest	2019	1	0	0	0	1	3	0	0	0	0	0	2	1	1	1	0	0	0	1	0	0	0	1	1	1	0	2	2	0	0	0	0	0	0	0	0	0	0	0	0	0	13	11	7	732	13.9	86.0	0.0	62.0	15.2	0.1	168.1	21	21	D3<>9	6.7
7B	ID07	Production_forest	2019	1	1	0	0	2	1	0	2	0	0	0	2	1	1	1	0	2	0	2	0	0	0	1	2	1	0	2	1	0	0	0	0	0	0	0	0	0	0	0	0	0	16	11	12	803	30.2	69.7	0.0	77.2	15.6	0.0	146.7	15	11	D3<>9	3.5
7C	ID07	Production_forest	2019	0	0	0	0	2	2	0	0	0	0	0	0	1	1	1	0	0	0	3	0	0	0	2	1	0	0	2	1	0	0	0	0	0	0	1	0	0	0	0	0	0	11	8	9	770	6.3	87.1	0.0	54.9	12.1	0.2	67.9	13	12	D3<>9	3.8
7D	ID07	Production_forest	2019	0	0	1	0	1	1	0	0	0	0	1	0	0	2	1	0	0	0	2	0	0	0	0	0	0	0	2	2	0	0	0	0	0	0	0	0	0	0	0	0	0	9	8	5	750	2.5	97.3	0.0	56.4	17.0	0.2	24.2	8	4	C1<>3	1.3
7M	ID07	Production_forest	2019	0	0	1	0	1	1	0	0	0	0	0	0	1	1	1	0	0	1	1	0	0	0	0	1	0	0	2	1	0	0	0	0	0	0	0	0	0	0	0	0	0	11	6	6	723	0.3	90.4	0.0	88.8	28.9	0.4	69.7	0	0	A=0	0.0
7M2	ID07	Production_forest	2019	0	0	0	0	0	2	0	0	0	0	1	0	0	0	1	0	0	1	2	0	0	0	1	0	0	0	2	1	0	0	0	0	0	0	0	0	0	0	0	0	0	8	6	5	713	0.0	99.9	0.0	61.6	16.5	0.0	120.7	2	0	A=0	0.0
7M3	ID07	Production_forest	2019	0	0	0	0	1	2	0	0	0	0	0	0	0	1	1	0	0	0	2	0	0	0	1	1	0	0	3	1	0	0	0	0	0	0	0	1	0	0	0	0	0	10	9	5	744	2.1	97.7	0.0	53.5	18.4	0.0	130.5	3	3	B 0<>1	1.0
7R	ID07	Forest_reserve	2019	0	0	1	0	1	0	1	1	0	0	1	0	1	1	1	0	2	0	3	0	0	1	1	2	0	0	2	3	0	0	0	0	0	0	0	0	0	0	0	0	0	15	10	12	754	NA	NA	NA	NA	NA	NA	NA	NA	10	R	10.0
7S1	ID07	Production_forest	2019	0	1	0	0	1	2	0	0	0	0	1	0	1	1	0	0	1	0	2	0	0	1	1	1	0	0	2	1	0	0	0	0	0	0	0	0	0	0	0	0	0	14	8	9	781	8.4	91.5	0.0	61.3	15.3	0.0	292.7	16	8	C1<>3	2.5
7S2	ID07	Production_forest	2019	0	0	0	0	1	6	0	0	0	0	0	1	2	1	1	0	6	0	1	0	0	0	1	0	0	0	1	1	0	0	1	0	0	0	0	0	0	0	0	0	0	12	17	6	791	18.8	81.1	0.0	73.6	26.2	0.0	120.5	16	16	D3<>9	5.1
7S3	ID07	Production_forest	2019	1	0	1	0	1	2	0	0	0	0	1	1	1	2	1	0	2	0	2	0	0	0	0	1	1	0	2	1	0	0	0	0	0	0	0	0	0	0	0	0	0	15	11	9	755	34.2	49.1	14.6	52.5	53.5	0.7	84.9	37	14	D3<>9	4.5
7S4	ID07	Production_forest	2019	0	0	0	0	1	0	0	0	0	0	2	1	0	2	2	0	0	0	2	0	0	0	1	0	0	0	1	1	0	0	0	0	0	0	0	0	0	0	0	0	0	9	7	6	751	3.8	96.1	0.0	82.7	27.2	0.1	201.4	21	5	C1<>3	1.6
8D	ID08	Production_forest	2019	1	0	1	0	1	0	0	0	0	0	0	0	1	1	0	0	0	1	2	0	0	0	1	1	0	0	1	1	0	0	0	0	0	0	0	0	0	0	0	0	0	11	3	9	551	1.5	81.0	5.0	71.6	31.4	0.8	38.8	3	3	B 0<>1	1.0
8E	ID08	Production_forest	2019	0	0	1	0	2	0	0	0	0	0	0	0	1	0	1	0	0	1	2	0	0	0	1	1	1	0	1	1	0	0	0	0	0	0	0	0	0	0	0	0	0	11	3	10	552	2.2	72.5	0.0	62.6	32.8	0.3	29.0	2	1	B 0<>1	0.3
8M	ID08	Production_forest	2019	0	0	1	0	0	0	0	0	0	0	0	0	0	1	1	0	0	1	2	0	0	0	1	2	0	0	1	1	0	0	0	0	0	0	0	0	0	0	0	0	0	9	4	7	546	3.0	86.2	0.0	54.9	8.4	0.7	57.9	0	0	A=0	0.0
8M2	ID08	Production_forest	2019	0	0	1	0	0	0	0	0	0	0	0	0	0	0	1	0	0	1	2	0	0	0	0	1	0	0	0	1	0	0	0	0	0	0	0	0	0	0	0	0	0	6	2	5	558	3.8	84.6	0.0	89.0	0.0	0.5	16.2	2	2	B 0<>1	0.6
8R	ID08	Forest_reserve	2019	1	1	0	0	2	0	0	1	1	0	1	0	1	0	1	0	0	2	2	0	0	0	1	1	0	0	1	0	0	0	0	0	0	0	0	0	0	0	0	0	0	13	4	12	583	NA	NA	NA	NA	NA	NA	NA	NA	18	R	18.0
8S3	ID08	Production_forest	2019	1	0	0	0	2	0	0	0	0	0	0	0	0	0	1	0	0	0	2	0	0	0	1	2	1	0	1	1	0	0	0	0	0	0	0	0	0	0	0	0	0	10	3	9	608	44.8	54.8	0.0	72.0	25.2	1.1	116.3	6	5	C1<>3	1.6
8S5	ID08	Production_forest	2019	1	0	1	0	1	0	0	0	0	0	0	0	1	0	2	0	2	1	1	0	0	0	1	2	2	0	1	1	0	0	0	0	0	0	0	0	0	0	0	0	0	13	6	11	551	34.6	56.7	0.0	65.1	55.7	0.4	25.8	5	4	C1<>3	1.3
9A	ID09	Production_forest	2019	0	0	0	0	1	0	0	0	0	1	3	0	0	1	1	0	0	1	3	0	0	0	0	0	1	0	1	1	0	0	0	0	0	0	0	0	0	0	0	0	0	10	4	10	588	6.0	82.5	10.1	59.0	20.3	0.5	80.3	5	5	C1<>3	1.6
10R	ID10	Forest_reserve	2020	1	1	1	0	1	0	1	0	0	0	0	0	1	1	0	0	0	0	2	0	0	0	1	2	0	0	2	1	0	0	0	0	0	0	0	0	0	0	0	0	1	13	7	9	768	NA	NA	NA	NA	NA	NA	NA	NA	22	R	22.0
11R1	ID11	Forest_reserve	2020	1	0	0	0	2	0	0	0	0	0	1	0	3	1	2	0	0	2	3	1	0	0	2	1	1	0	2	1	0	0	0	0	0	0	0	0	0	0	0	0	0	14	6	17	602	NA	NA	NA	NA	NA	NA	NA	NA	9	R	9.0
11R2	ID11	Forest_reserve	2020	1	0	1	0	1	0	0	0	0	0	1	0	1	1	0	0	0	1	3	0	0	0	1	1	1	0	2	1	0	0	0	0	0	0	0	0	0	0	0	0	0	13	4	12	610	NA	NA	NA	NA	NA	NA	NA	NA	10	R	10.0
12R	ID12	Forest_reserve	2020	0	0	0	0	2	0	0	0	0	0	0	0	1	0	0	0	0	1	3	0	0	0	1	1	0	1	1	1	0	0	0	0	0	0	0	0	3	0	0	0	0	10	5	10	508	NA	NA	NA	NA	NA	NA	NA	NA	12	R	12.0
13R	ID13	Forest_reserve	2020	0	1	0	0	0	0	0	1	0	0	1	0	1	0	1	0	0	1	3	0	0	0	0	1	1	0	0	1	0	0	0	0	0	0	0	0	0	0	1	0	0	11	3	10	770	NA	NA	NA	NA	NA	NA	NA	NA	32	R	32.0
14R	ID14	Forest_reserve	2020	0	0	0	0	3	0	0	0	0	1	1	0	1	0	1	0	0	1	2	0	0	0	1	0	1	0	0	0	0	0	0	0	0	0	0	0	0	0	0	0	0	9	1	11	763	NA	NA	NA	NA	NA	NA	NA	NA	36	R	36.0
16R	ID16	Forest_reserve	2020	1	0	0	0	2	0	1	0	0	0	1	0	2	0	1	17	0	1	1	0	0	0	1	1	2	0	1	0	0	0	0	0	0	0	0	0	0	0	0	0	0	13	3	12	532	NA	NA	NA	NA	NA	NA	NA	NA	17	R	17.0
17R	ID17	Forest_reserve	2020	1	1	0	0	2	0	0	0	1	0	0	0	1	0	1	0	0	0	2	0	0	0	1	0	1	0	1	1	0	0	0	0	0	0	0	0	2	0	0	0	0	12	7	8	584	NA	NA	NA	NA	NA	NA	NA	NA	33	R	33.0
20R	ID20	Forest_reserve	2020	1	0	0	0	2	0	1	0	0	0	0	0	1	0	1	0	0	0	2	0	1	1	1	1	2	0	0	1	0	0	0	0	0	0	0	0	1	0	0	0	0	13	4	12	574	NA	NA	NA	NA	NA	NA	NA	NA	15	R	15.0
5R	ID05	Forest_reserve	2020	1	0	1	0	1	0	1	0	0	1	1	0	1	0	0	0	0	1	1	0	0	0	1	1	3	0	0	0	5	0	0	0	0	0	0	0	0	2	0	0	0	14	3	18	381	NA	NA	NA	NA	NA	NA	NA	NA	18	R	18.0
9B	ID09	Production_forest	2019	1	2	0	0	0	0	0	1	0	0	1	0	1	0	1	0	0	1	3	0	0	0	1	0	0	1	1	1	0	0	0	0	0	0	0	0	0	0	0	0	0	12	5	10	614	49.2	48.4	0.0	82.6	23.4	1.0	164.9	20	12	D3<>9	3.8
9C	ID09	Production_forest	2019	0	0	1	0	0	2	0	0	0	0	0	1	0	1	1	0	1	1	2	0	0	0	1	0	0	1	1	2	0	0	0	0	0	0	0	0	0	0	0	0	0	12	9	6	608	13.6	78.9	0.0	21.7	13.4	0.9	36.1	8	8	C1<>3	2.5
9D	ID09	Production_forest	2019	0	0	0	0	1	0	0	0	0	0	1	1	0	0	3	0	0	0	2	0	0	0	0	0	1	0	2	1	0	0	0	0	0	0	0	0	0	0	0	0	0	8	7	5	495	1.4	90.9	0.0	88.4	25.4	0.6	73.9	3	1	B 0<>1	0.3
9M	ID09	Production_forest	2019	0	0	0	0	0	0	0	0	1	0	0	1	0	0	1	0	0	0	4	0	0	0	0	0	0	0	2	1	0	0	0	0	0	0	0	0	0	0	0	0	0	6	6	4	500	0.0	99.5	0.0	81.7	0.0	0.7	133.1	0	0	A=0	0.0
9M2	ID09	Production_forest	2019	0	0	0	0	1	0	0	0	0	0	0	1	0	1	0	0	0	2	2	0	0	0	0	0	0	0	3	0	0	0	0	0	0	0	0	0	0	0	0	0	0	6	5	5	592	0.0	99.9	0.0	94.1	9.9	0.7	108.1	0	0	A=0	0.0
9S1	ID09	Production_forest	2019	0	0	0	0	1	0	0	0	0	0	1	0	0	1	1	0	0	1	4	0	0	0	1	0	1	0	3	0	0	0	0	1	0	0	0	0	0	0	0	0	0	10	5	10	624	40.0	46.8	3.0	73.6	34.1	1.4	40.9	2	0	A=0	0.0
9S2	ID09	Production_forest	2019	0	0	2	0	1	0	0	0	0	1	1	0	2	1	1	0	3	3	1	0	0	0	0	0	0	0	2	0	0	0	0	0	0	0	0	0	0	0	0	0	0	11	7	11	598	0.0	90.7	7.7	52.4	36.0	0.6	85.1	13	0	A=0	0.0
9S3	ID09	Production_forest	2019	1	0	1	0	1	2	0	0	0	0	0	0	0	2	1	0	3	1	2	1	0	0	0	0	2	1	2	0	0	0	0	0	0	0	0	0	0	0	0	0	0	13	10	10	576	17.9	51.0	13.1	71.4	26.8	0.7	17.1	7	7	C1<>3	2.2
9S4	ID09	Production_forest	2019	0	0	2	0	2	1	0	0	0	0	0	0	1	1	1	0	0	2	1	0	0	0	0	1	0	0	2	1	0	0	0	1	0	0	0	0	0	0	0	0	0	12	6	10	601	1.5	66.5	26.9	69.3	35.1	0.9	35.0	5	2	B 0<>1	0.6
9Z	ID09	Production_forest	2019	0	0	1	0	1	0	0	0	0	0	1	0	0	1	1	0	0	0	4	0	0	0	1	0	0	0	1	0	0	0	0	0	0	0	0	0	0	0	0	0	0	8	3	8	590	7.5	83.5	4.0	37.6	17.2	1.0	63.4	0	0	A=0	0.0